1,1,3,0.4000,10000,3072,3072.d,128,0.0088,7200.0000,60,4,4,5,5,0.1,10,10,x,1.76892920,362.03062208,0.00000000,0.99432468
1,1,3,0.4000,10000,3072,3072.d,128,0.0088,7200.0000,60,4,4,5,5,0.1,10,10,x,1.50860233,348.18076163,0.00000000,0.99379540
1,1,3,0.4000,10000,3072,3072.d,128,0.0088,7200.0000,60,4,4,5,5,0.1,10,10,x,1.49711814,348.25388719,0.00000000,0.99392750
1,1,3,0.4000,10000,3072,3072.d,128,0.0088,7200.0000,60,4,4,5,5,0.1,10,10,x,1.48696659,348.00458127,0.00000000,0.99368417
1,1,3,0.4000,10000,3072,3072.d,128,0.0088,7200.0000,60,4,4,5,5,0.1,10,10,x,1.48436396,348.09951388,0.00000000,0.99361240
1,1,3,0.4000,10000,3072,3072.d,128,0.0088,7200.0000,60,4,4,5,5,0.1,10,10,x,1.48436396,347.89593747,0.00000000,0.99361240
1,1,3,0.4000,10000,3072,3072.d,128,0.0088,7200.0000,60,4,4,5,5,0.1,10,10,x,1.48436396,347.55617865,0.00000000,0.99361240
1,1,3,0.4000,10000,3072,3072.d,128,0.0088,7200.0000,60,4,4,5,5,0.1,10,10,x,1.46188683,346.86637764,0.00000000,0.99361240
1,1,3,0.4000,10000,3072,3072.d,128,0.0088,7200.0000,60,4,4,5,5,0.1,10,10,x,1.47084998,347.55392991,0.00000000,0.99352013
1,1,3,0.4000,10000,3072,3072.d,128,0.0088,7200.0000,60,4,4,5,5,0.1,10,10,x,1.47084998,347.55392991,0.00000000,0.99352013
1,1,3,0.4000,10000,3072,3072.d,128,0.0177,7200.0000,60,4,4,5,5,0.1,10,10,x,1.34064847,340.85062409,0.00000000,0.99679723
1,1,3,0.4000,10000,3072,3072.d,128,0.0177,7200.0000,60,4,4,5,5,0.1,10,10,x,1.26852940,336.91440067,0.00000000,0.99686808
1,1,3,0.4000,10000,3072,3072.d,128,0.0177,7200.0000,60,4,4,5,5,0.1,10,10,x,1.24983346,336.21945130,0.00000000,0.99687540
1,1,3,0.4000,10000,3072,3072.d,128,0.0177,7200.0000,60,4,4,5,5,0.1,10,10,x,1.24239275,336.01420931,0.00000000,0.99687540
1,1,3,0.4000,10000,3072,3072.d,128,0.0177,7200.0000,60,4,4,5,5,0.1,10,10,x,1.24239275,336.01420931,0.00000000,0.99687540
1,1,3,0.4000,10000,3072,3072.d,128,0.0177,7200.0000,60,4,4,5,5,0.1,10,10,x,1.24900794,336.36876197,0.00000000,0.99683008
1,1,3,0.4000,10000,3072,3072.d,128,0.0177,7200.0000,60,4,4,5,5,0.1,10,10,x,1.23792081,335.52203812,0.00000000,0.99678691
1,1,3,0.4000,10000,3072,3072.d,128,0.0177,7200.0000,60,4,4,5,5,0.1,10,10,x,1.23792081,335.52684177,0.00000000,0.99678691
1,1,3,0.4000,10000,3072,3072.d,128,0.0177,7200.0000,60,4,4,5,5,0.1,10,10,x,1.24030882,335.70630202,0.00000000,0.99668749
1,1,3,0.4000,10000,3072,3072.d,128,0.0177,7200.0000,60,4,4,5,5,0.1,10,10,x,1.23646186,335.39697378,0.00000000,0.99669008
1,1,3,0.4000,10000,3072,3072.d,128,0.0355,7200.0000,60,4,4,5,5,0.1,10,10,x,1.12172441,330.36517260,0.00000000,0.99927154
1,1,3,0.4000,10000,3072,3072.d,128,0.0355,7200.0000,60,4,4,5,5,0.1,10,10,x,1.09750424,327.59919405,0.00000000,0.99917819
1,1,3,0.4000,10000,3072,3072.d,128,0.0355,7200.0000,60,4,4,5,5,0.1,10,10,x,1.08789957,326.71001707,0.00000000,0.99912511
1,1,3,0.4000,10000,3072,3072.d,128,0.0355,7200.0000,60,4,4,5,5,0.1,10,10,x,1.07680160,326.26728258,0.00000000,0.99913170
1,1,3,0.4000,10000,3072,3072.d,128,0.0355,7200.0000,60,4,4,5,5,0.1,10,10,x,1.09170858,326.81777316,0.00000000,0.99916865
1,1,3,0.4000,10000,3072,3072.d,128,0.0355,7200.0000,60,4,4,5,5,0.1,10,10,x,1.09193982,327.20260378,0.00000000,0.99914089
1,1,3,0.4000,10000,3072,3072.d,128,0.0355,7200.0000,60,4,4,5,5,0.1,10,10,x,1.07388426,327.21001213,0.00000000,0.99917758
1,1,3,0.4000,10000,3072,3072.d,128,0.0355,7200.0000,60,4,4,5,5,0.1,10,10,x,1.07540813,326.59842457,0.00000000,0.99913514
1,1,3,0.4000,10000,3072,3072.d,128,0.0355,7200.0000,60,4,4,5,5,0.1,10,10,x,1.08075436,326.28195229,0.00000000,0.99914898
1,1,3,0.4000,10000,3072,3072.d,128,0.0355,7200.0000,60,4,4,5,5,0.1,10,10,x,1.07765442,326.45304204,0.00000000,0.99914792
1,1,3,0.4000,10000,3072,3072.d,128,0.0711,7200.0000,60,4,4,5,5,0.1,10,10,x,1.04012207,315.01570826,3.08391038,0.99466872
1,1,3,0.4000,10000,3072,3072.d,128,0.0711,7200.0000,60,4,4,5,5,0.1,10,10,x,1.05100266,312.79341233,0.70313214,0.99800267
1,1,3,0.4000,10000,3072,3072.d,128,0.0711,7200.0000,60,4,4,5,5,0.1,10,10,x,1.05141134,312.23646843,0.00000000,0.99983241
1,1,3,0.4000,10000,3072,3072.d,128,0.0711,7200.0000,60,4,4,5,5,0.1,10,10,x,1.05415149,312.30872629,0.00000000,0.99982729
1,1,3,0.4000,10000,3072,3072.d,128,0.0711,7200.0000,60,4,4,5,5,0.1,10,10,x,1.05355207,311.76402539,0.00000000,0.99984619
1,1,3,0.4000,10000,3072,3072.d,128,0.0711,7200.0000,60,4,4,5,5,0.1,10,10,x,1.05166367,311.24823787,0.00000000,0.99982551
1,1,3,0.4000,10000,3072,3072.d,128,0.0711,7200.0000,60,4,4,5,5,0.1,10,10,x,1.04941836,311.42161135,0.00000000,0.99982001
1,1,3,0.4000,10000,3072,3072.d,128,0.0711,7200.0000,60,4,4,5,5,0.1,10,10,x,1.05283200,311.11374936,1.15482696,0.99798575
1,1,3,0.4000,10000,3072,3072.d,128,0.0711,7200.0000,60,4,4,5,5,0.1,10,10,x,1.04763114,310.59419195,0.00000000,0.99980719
1,1,3,0.4000,10000,3072,3072.d,128,0.0711,7200.0000,60,4,4,5,5,0.1,10,10,x,1.05238806,309.99365217,1.01639344,0.99801141
1,1,3,0.4000,10000,3072,3072.d,128,0.1427,7200.0000,60,4,4,5,5,0.1,10,10,x,1.02370744,282.11537139,0.00000000,0.99998663
1,1,3,0.4000,10000,3072,3072.d,128,0.1427,7200.0000,60,4,4,5,5,0.1,10,10,x,1.03709516,281.30959146,0.00000000,0.99997727
1,1,3,0.4000,10000,3072,3072.d,128,0.1427,7200.0000,60,4,4,5,5,0.1,10,10,x,1.03344816,280.97115317,0.66692646,0.99804866
1,1,3,0.4000,10000,3072,3072.d,128,0.1427,7200.0000,60,4,4,5,5,0.1,10,10,x,1.03050509,281.35160493,0.00000000,0.99997646
1,1,3,0.4000,10000,3072,3072.d,128,0.1427,7200.0000,60,4,4,5,5,0.1,10,10,x,1.03116009,281.34971941,0.00000000,0.99997312
1,1,3,0.4000,10000,3072,3072.d,128,0.1427,7200.0000,60,4,4,5,5,0.1,10,10,x,1.03008289,281.83000709,0.57811956,0.99900498
1,1,3,0.4000,10000,3072,3072.d,128,0.1427,7200.0000,60,4,4,5,5,0.1,10,10,x,1.03068088,282.45172796,1.14804313,0.99804174
1,1,3,0.4000,10000,3072,3072.d,128,0.1427,7200.0000,60,4,4,5,5,0.1,10,10,x,1.03186876,282.42588406,0.52657005,0.99900881
1,1,3,0.4000,10000,3072,3072.d,128,0.1427,7200.0000,60,4,4,5,5,0.1,10,10,x,1.03103437,282.61908194,1.18357488,0.99804369
1,1,3,0.4000,10000,3072,3072.d,128,0.1427,7200.0000,60,4,4,5,5,0.1,10,10,x,1.03120973,281.02009782,0.00000000,0.99998043
1,1,3,0.4000,10000,3072,3072.d,128,0.2844,7200.0000,60,4,4,5,5,0.1,10,10,x,1.01171504,241.43107312,0.31875271,0.99956691
1,1,3,0.4000,10000,3072,3072.d,128,0.2844,7200.0000,60,4,4,5,5,0.1,10,10,x,1.01881732,241.54445976,0.61022087,0.99913382
1,1,3,0.4000,10000,3072,3072.d,128,0.2844,7200.0000,60,4,4,5,5,0.1,10,10,x,1.01850253,241.77608559,1.15278900,0.99783456
1,1,3,0.4000,10000,3072,3072.d,128,0.2844,7200.0000,60,4,4,5,5,0.1,10,10,x,1.01863607,241.58232355,0.60030125,0.99870074
1,1,3,0.4000,10000,3072,3072.d,128,0.2844,7200.0000,60,4,4,5,5,0.1,10,10,x,1.01793073,241.47962532,0.41227463,0.99913382
1,1,3,0.4000,10000,3072,3072.d,128,0.2844,7200.0000,60,4,4,5,5,0.1,10,10,x,1.01805709,241.56670391,1.08456842,0.99826690
1,1,3,0.4000,10000,3072,3072.d,128,0.2844,7200.0000,60,4,4,5,5,0.1,10,10,x,1.01844782,241.42337897,0.48314894,0.99913382
1,1,3,0.4000,10000,3072,3072.d,128,0.2844,7200.0000,60,4,4,5,5,0.1,10,10,x,1.01769002,241.77557756,0.56951061,0.99913308
1,1,3,0.4000,10000,3072,3072.d,128,0.2844,7200.0000,60,4,4,5,5,0.1,10,10,x,1.01909500,242.26831670,0.40924742,0.99913382
1,1,3,0.4000,10000,3072,3072.d,128,0.2844,7200.0000,60,4,4,5,5,0.1,10,10,x,1.01909312,241.23073804,0.17669987,0.99956691
2,1,3,0.4000,10000,3072,3072.d,128,0.0088,7200.0000,60,4,4,5,5,0.1,10,10,x,7.09898156,512.03846154,0.00000000,0.98076923
2,1,3,0.4000,10000,3072,3072.d,128,0.0088,7200.0000,60,4,4,5,5,0.1,10,10,x,1.93148776,401.80789455,0.00000000,0.99148349
2,1,3,0.4000,10000,3072,3072.d,128,0.0088,7200.0000,60,4,4,5,5,0.1,10,10,x,1.93148776,401.75539157,0.00000000,0.99148349
2,1,3,0.4000,10000,3072,3072.d,128,0.0088,7200.0000,60,4,4,5,5,0.1,10,10,x,1.93148776,401.83277849,0.00000000,0.99148349
2,1,3,0.4000,10000,3072,3072.d,128,0.0088,7200.0000,60,4,4,5,5,0.1,10,10,x,1.93148776,401.73420804,0.00000000,0.99148349
2,1,3,0.4000,10000,3072,3072.d,128,0.0088,7200.0000,60,4,4,5,5,0.1,10,10,x,1.93148776,401.73967821,0.00000000,0.99148349
2,1,3,0.4000,10000,3072,3072.d,128,0.0088,7200.0000,60,4,4,5,5,0.1,10,10,x,1.93148776,401.91375857,0.00000000,0.99148349
2,1,3,0.4000,10000,3072,3072.d,128,0.0088,7200.0000,60,4,4,5,5,0.1,10,10,x,1.93148776,401.70299585,0.00000000,0.99148349
2,1,3,0.4000,10000,3072,3072.d,128,0.0088,7200.0000,60,4,4,5,5,0.1,10,10,x,1.93148776,401.70299585,0.00000000,0.99148349
2,1,3,0.4000,10000,3072,3072.d,128,0.0088,7200.0000,60,4,4,5,5,0.1,10,10,x,1.93148776,401.71297087,0.00000000,0.99148349
2,1,3,0.4000,10000,3072,3072.d,128,0.0177,7200.0000,60,4,4,5,5,0.1,10,10,x,7.09898156,482.11965812,4.60683761,0.98290598
2,1,3,0.4000,10000,3072,3072.d,128,0.0177,7200.0000,60,4,4,5,5,0.1,10,10,x,1.44004268,364.55777935,5.89743590,0.98824881
2,1,3,0.4000,10000,3072,3072.d,128,0.0177,7200.0000,60,4,4,5,5,0.1,10,10,x,1.44004268,363.13787108,0.00000000,0.99694489
2,1,3,0.4000,10000,3072,3072.d,128,0.0177,7200.0000,60,4,4,5,5,0.1,10,10,x,1.44004268,363.06843166,0.00000000,0.99679582
2,1,3,0.4000,10000,3072,3072.d,128,0.0177,7200.0000,60,4,4,5,5,0.1,10,10,x,1.44004268,362.56484518,0.00000000,0.99679582
2,1,3,0.4000,10000,3072,3072.d,128,0.0177,7200.0000,60,4,4,5,5,0.1,10,10,x,1.44004268,362.88310445,0.00000000,0.99679582
2,1,3,0.4000,10000,3072,3072.d,128,0.0177,7200.0000,60,4,4,5,5,0.1,10,10,x,1.44004268,363.20718364,0.00000000,0.99694489
2,1,3,0.4000,10000,3072,3072.d,128,0.0177,7200.0000,60,4,4,5,5,0.1,10,10,x,1.44004268,363.30634114,0.00000000,0.99694489
2,1,3,0.4000,10000,3072,3072.d,128,0.0177,7200.0000,60,4,4,5,5,0.1,10,10,x,1.44004268,362.63987617,0.00000000,0.99679582
2,1,3,0.4000,10000,3072,3072.d,128,0.0177,7200.0000,60,4,4,5,5,0.1,10,10,x,1.44004268,363.25468498,0.00000000,0.99694489
2,1,3,0.4000,10000,3072,3072.d,128,0.0355,7200.0000,60,4,4,5,5,0.1,10,10,x,7.09898156,518.60350877,0.00000000,0.99649123
2,1,3,0.4000,10000,3072,3072.d,128,0.0355,7200.0000,60,4,4,5,5,0.1,10,10,x,1.12826496,339.41397807,0.00000000,0.99928506
2,1,3,0.4000,10000,3072,3072.d,128,0.0355,7200.0000,60,4,4,5,5,0.1,10,10,x,1.12826496,339.41043616,0.00000000,0.99927570
2,1,3,0.4000,10000,3072,3072.d,128,0.0355,7200.0000,60,4,4,5,5,0.1,10,10,x,1.12826496,339.37145933,0.00000000,0.99927570
2,1,3,0.4000,10000,3072,3072.d,128,0.0355,7200.0000,60,4,4,5,5,0.1,10,10,x,1.12826496,339.47406858,0.00000000,0.99927570
2,1,3,0.4000,10000,3072,3072.d,128,0.0355,7200.0000,60,4,4,5,5,0.1,10,10,x,1.12826496,339.44375192,0.00000000,0.99927570
2,1,3,0.4000,10000,3072,3072.d,128,0.0355,7200.0000,60,4,4,5,5,0.1,10,10,x,1.12826496,339.46699923,0.00000000,0.99928506
2,1,3,0.4000,10000,3072,3072.d,128,0.0355,7200.0000,60,4,4,5,5,0.1,10,10,x,1.12826496,340.53962048,2.19998319,0.99576693
2,1,3,0.4000,10000,3072,3072.d,128,0.0355,7200.0000,60,4,4,5,5,0.1,10,10,x,1.12826496,339.41610030,0.00000000,0.99928506
2,1,3,0.4000,10000,3072,3072.d,128,0.0355,7200.0000,60,4,4,5,5,0.1,10,10,x,1.12826496,339.95051884,1.84912281,0.99576693
2,1,3,0.4000,10000,3072,3072.d,128,0.0711,7200.0000,60,4,4,5,5,0.1,10,10,x,7.09898156,500.99811321,1.08490566,0.99622642
2,1,3,0.4000,10000,3072,3072.d,128,0.0711,7200.0000,60,4,4,5,5,0.1,10,10,x,1.04108414,317.05081338,0.69811321,0.99788435
2,1,3,0.4000,10000,3072,3072.d,128,0.0711,7200.0000,60,4,4,5,5,0.1,10,10,x,1.04108414,317.22296694,0.00000000,0.99977114
2,1,3,0.4000,10000,3072,3072.d,128,0.0711,7200.0000,60,4,4,5,5,0.1,10,10,x,1.04108414,317.13273023,0.00000000,0.99977114
2,1,3,0.4000,10000,3072,3072.d,128,0.0711,7200.0000,60,4,4,5,5,0.1,10,10,x,1.04108414,317.59829292,0.87291027,0.99788435
2,1,3,0.4000,10000,3072,3072.d,128,0.0711,7200.0000,60,4,4,5,5,0.1,10,10,x,1.04108414,317.31558825,0.94528302,0.99788435
2,1,3,0.4000,10000,3072,3072.d,128,0.0711,7200.0000,60,4,4,5,5,0.1,10,10,x,1.04108414,317.08475313,0.00000000,0.99976359
2,1,3,0.4000,10000,3072,3072.d,128,0.0711,7200.0000,60,4,4,5,5,0.1,10,10,x,1.04108414,317.10842118,0.00000000,0.99976724
2,1,3,0.4000,10000,3072,3072.d,128,0.0711,7200.0000,60,4,4,5,5,0.1,10,10,x,1.04108414,317.28444282,0.69811321,0.99787679
2,1,3,0.4000,10000,3072,3072.d,128,0.0711,7200.0000,60,4,4,5,5,0.1,10,10,x,1.04108414,317.07943146,0.00000000,0.99976359
2,1,3,0.4000,10000,3072,3072.d,128,0.1427,7200.0000,60,4,4,5,5,0.1,10,10,x,7.09898156,469.74220183,0.00000000,0.99908257
2,1,3,0.4000,10000,3072,3072.d,128,0.1427,7200.0000,60,4,4,5,5,0.1,10,10,x,1.01801453,276.23837421,0.47773837,0.99907880
2,1,3,0.4000,10000,3072,3072.d,128,0.1427,7200.0000,60,4,4,5,5,0.1,10,10,x,1.01801453,276.40288524,0.74600659,0.99816136
2,1,3,0.4000,10000,3072,3072.d,128,0.1427,7200.0000,60,4,4,5,5,0.1,10,10,x,1.01801453,276.30029969,0.51834862,0.99907880
2,1,3,0.4000,10000,3072,3072.d,128,0.1427,7200.0000,60,4,4,5,5,0.1,10,10,x,1.01801453,276.46657246,0.92520426,0.99816136
2,1,3,0.4000,10000,3072,3072.d,128,0.1427,7200.0000,60,4,4,5,5,0.1,10,10,x,1.01801453,276.02970116,0.00000000,0.99999623
2,1,3,0.4000,10000,3072,3072.d,128,0.1427,7200.0000,60,4,4,5,5,0.1,10,10,x,1.01801453,276.04210861,0.00000000,0.99999623
2,1,3,0.4000,10000,3072,3072.d,128,0.1427,7200.0000,60,4,4,5,5,0.1,10,10,x,1.01801453,276.23204231,0.48715596,0.99907880
2,1,3,0.4000,10000,3072,3072.d,128,0.1427,7200.0000,60,4,4,5,5,0.1,10,10,x,1.01801453,276.32107537,0.55963303,0.99907714
2,1,3,0.4000,10000,3072,3072.d,128,0.1427,7200.0000,60,4,4,5,5,0.1,10,10,x,1.01801453,276.06561734,0.00000000,0.99999623
2,1,3,0.4000,10000,3072,3072.d,128,0.2844,7200.0000,60,4,4,5,5,0.1,10,10,x,7.09898156,520.30173160,0.27878788,0.99913420
2,1,3,0.4000,10000,3072,3072.d,128,0.2844,7200.0000,60,4,4,5,5,0.1,10,10,x,1.00482417,242.47358358,0.72150009,0.99870130
2,1,3,0.4000,10000,3072,3072.d,128,0.2844,7200.0000,60,4,4,5,5,0.1,10,10,x,1.00482417,242.39882105,0.53766234,0.99913420
2,1,3,0.4000,10000,3072,3072.d,128,0.2844,7200.0000,60,4,4,5,5,0.1,10,10,x,1.00482417,242.56790662,0.74615952,0.99870130
2,1,3,0.4000,10000,3072,3072.d,128,0.2844,7200.0000,60,4,4,5,5,0.1,10,10,x,1.00482417,242.56643721,0.56502685,0.99882297
2,1,3,0.4000,10000,3072,3072.d,128,0.2844,7200.0000,60,4,4,5,5,0.1,10,10,x,1.00482417,242.34263451,0.29317986,0.99913420
2,1,3,0.4000,10000,3072,3072.d,128,0.2844,7200.0000,60,4,4,5,5,0.1,10,10,x,1.00482417,242.48320302,0.49068403,0.99913420
2,1,3,0.4000,10000,3072,3072.d,128,0.2844,7200.0000,60,4,4,5,5,0.1,10,10,x,1.00482417,242.52061765,0.55352760,0.99913420
2,1,3,0.4000,10000,3072,3072.d,128,0.2844,7200.0000,60,4,4,5,5,0.1,10,10,x,1.00482417,242.17294153,0.00000000,1.00000000
2,1,3,0.4000,10000,3072,3072.d,128,0.2844,7200.0000,60,4,4,5,5,0.1,10,10,x,1.00482417,242.21323154,0.22215968,0.99956710
3,1,3,0.4000,10000,3072,3072.d,128,0.0088,7200.0000,60,4,4,5,5,0.1,10,10,x,5.76732189,442.36060215,0.00000000,0.99153661
3,1,3,0.4000,10000,3072,3072.d,128,0.0088,7200.0000,60,4,4,5,5,0.1,10,10,x,5.76732189,442.31907145,0.00000000,0.99150710
3,1,3,0.4000,10000,3072,3072.d,128,0.0088,7200.0000,60,4,4,5,5,0.1,10,10,x,5.76732189,442.45775423,0.00000000,0.99150710
3,1,3,0.4000,10000,3072,3072.d,128,0.0088,7200.0000,60,4,4,5,5,0.1,10,10,x,5.76732189,442.36526330,0.00000000,0.99150710
3,1,3,0.4000,10000,3072,3072.d,128,0.0088,7200.0000,60,4,4,5,5,0.1,10,10,x,5.76732189,442.36513240,0.00000000,0.99150710
3,1,3,0.4000,10000,3072,3072.d,128,0.0088,7200.0000,60,4,4,5,5,0.1,10,10,x,5.76732189,442.56214509,0.00000000,0.99150710
3,1,3,0.4000,10000,3072,3072.d,128,0.0088,7200.0000,60,4,4,5,5,0.1,10,10,x,5.76732189,442.35488137,0.00000000,0.99150710
3,1,3,0.4000,10000,3072,3072.d,128,0.0088,7200.0000,60,4,4,5,5,0.1,10,10,x,5.76732189,442.33483503,0.00000000,0.99153661
3,1,3,0.4000,10000,3072,3072.d,128,0.0088,7200.0000,60,4,4,5,5,0.1,10,10,x,5.76732189,442.36685153,0.00000000,0.99150710
3,1,3,0.4000,10000,3072,3072.d,128,0.0088,7200.0000,60,4,4,5,5,0.1,10,10,x,5.76732189,442.34235520,0.00000000,0.99150710
3,1,3,0.4000,10000,3072,3072.d,128,0.0177,7200.0000,60,4,4,5,5,0.1,10,10,x,10.93335875,450.09417447,0.00000000,0.99505969
3,1,3,0.4000,10000,3072,3072.d,128,0.0177,7200.0000,60,4,4,5,5,0.1,10,10,x,10.93335875,450.09162035,0.00000000,0.99505969
3,1,3,0.4000,10000,3072,3072.d,128,0.0177,7200.0000,60,4,4,5,5,0.1,10,10,x,10.93335875,450.09524640,0.00000000,0.99505969
3,1,3,0.4000,10000,3072,3072.d,128,0.0177,7200.0000,60,4,4,5,5,0.1,10,10,x,10.93335875,450.10032817,0.00000000,0.99505969
3,1,3,0.4000,10000,3072,3072.d,128,0.0177,7200.0000,60,4,4,5,5,0.1,10,10,x,10.93335875,450.09230850,0.00000000,0.99505969
3,1,3,0.4000,10000,3072,3072.d,128,0.0177,7200.0000,60,4,4,5,5,0.1,10,10,x,10.93335875,450.09807843,0.00000000,0.99505969
3,1,3,0.4000,10000,3072,3072.d,128,0.0177,7200.0000,60,4,4,5,5,0.1,10,10,x,10.93335875,450.09262612,0.00000000,0.99505969
3,1,3,0.4000,10000,3072,3072.d,128,0.0177,7200.0000,60,4,4,5,5,0.1,10,10,x,10.93335875,450.09500820,0.00000000,0.99505969
3,1,3,0.4000,10000,3072,3072.d,128,0.0177,7200.0000,60,4,4,5,5,0.1,10,10,x,10.93335875,450.09916360,0.00000000,0.99505969
3,1,3,0.4000,10000,3072,3072.d,128,0.0177,7200.0000,60,4,4,5,5,0.1,10,10,x,10.93335875,450.10084429,0.00000000,0.99505969
3,1,3,0.4000,10000,3072,3072.d,128,0.0355,7200.0000,60,4,4,5,5,0.1,10,10,x,4.80664819,367.27781841,0.00000000,0.99909785
3,1,3,0.4000,10000,3072,3072.d,128,0.0355,7200.0000,60,4,4,5,5,0.1,10,10,x,4.80664819,367.27897940,0.00000000,0.99910599
3,1,3,0.4000,10000,3072,3072.d,128,0.0355,7200.0000,60,4,4,5,5,0.1,10,10,x,4.80664819,367.27745987,0.00000000,0.99909785
3,1,3,0.4000,10000,3072,3072.d,128,0.0355,7200.0000,60,4,4,5,5,0.1,10,10,x,4.80664819,367.28076379,0.00000000,0.99909785
3,1,3,0.4000,10000,3072,3072.d,128,0.0355,7200.0000,60,4,4,5,5,0.1,10,10,x,4.80664819,367.47922277,1.81842766,0.99529557
3,1,3,0.4000,10000,3072,3072.d,128,0.0355,7200.0000,60,4,4,5,5,0.1,10,10,x,4.80664819,367.28039915,0.00000000,0.99909785
3,1,3,0.4000,10000,3072,3072.d,128,0.0355,7200.0000,60,4,4,5,5,0.1,10,10,x,4.80664819,367.49595980,3.25475285,0.99149329
3,1,3,0.4000,10000,3072,3072.d,128,0.0355,7200.0000,60,4,4,5,5,0.1,10,10,x,4.80664819,367.27873782,0.00000000,0.99909785
3,1,3,0.4000,10000,3072,3072.d,128,0.0355,7200.0000,60,4,4,5,5,0.1,10,10,x,4.80664819,367.91731645,3.91634981,0.99150143
3,1,3,0.4000,10000,3072,3072.d,128,0.0355,7200.0000,60,4,4,5,5,0.1,10,10,x,4.80664819,367.27955936,0.00000000,0.99909785
3,1,3,0.4000,10000,3072,3072.d,128,0.0711,7200.0000,60,4,4,5,5,0.1,10,10,x,11.92690098,368.66285283,0.00000000,0.99975165
3,1,3,0.4000,10000,3072,3072.d,128,0.0711,7200.0000,60,4,4,5,5,0.1,10,10,x,11.92690098,369.28952060,1.78621849,0.99562794
3,1,3,0.4000,10000,3072,3072.d,128,0.0711,7200.0000,60,4,4,5,5,0.1,10,10,x,11.92690098,368.62066357,0.00000000,0.99975165
3,1,3,0.4000,10000,3072,3072.d,128,0.0711,7200.0000,60,4,4,5,5,0.1,10,10,x,11.92690098,368.64262792,0.65360825,0.99768979
3,1,3,0.4000,10000,3072,3072.d,128,0.0711,7200.0000,60,4,4,5,5,0.1,10,10,x,11.92690098,368.59209778,0.00000000,0.99975165
3,1,3,0.4000,10000,3072,3072.d,128,0.0711,7200.0000,60,4,4,5,5,0.1,10,10,x,11.92690098,368.69457337,0.42680412,0.99768979
3,1,3,0.4000,10000,3072,3072.d,128,0.0711,7200.0000,60,4,4,5,5,0.1,10,10,x,11.92690098,368.63902127,0.58969072,0.99768979
3,1,3,0.4000,10000,3072,3072.d,128,0.0711,7200.0000,60,4,4,5,5,0.1,10,10,x,11.92690098,368.60991858,0.00000000,0.99975165
3,1,3,0.4000,10000,3072,3072.d,128,0.0711,7200.0000,60,4,4,5,5,0.1,10,10,x,11.92690098,368.64600056,0.00000000,0.99975165
3,1,3,0.4000,10000,3072,3072.d,128,0.0711,7200.0000,60,4,4,5,5,0.1,10,10,x,11.92690098,368.63541385,0.00000000,0.99975165
3,1,3,0.4000,10000,3072,3072.d,128,0.1427,7200.0000,60,4,4,5,5,0.1,10,10,x,17.24195021,377.54800170,0.00000000,0.99999847
3,1,3,0.4000,10000,3072,3072.d,128,0.1427,7200.0000,60,4,4,5,5,0.1,10,10,x,17.24195021,378.25386642,0.51245435,0.99897388
3,1,3,0.4000,10000,3072,3072.d,128,0.1427,7200.0000,60,4,4,5,5,0.1,10,10,x,17.24195021,377.91897494,1.33483062,0.99794929
3,1,3,0.4000,10000,3072,3072.d,128,0.1427,7200.0000,60,4,4,5,5,0.1,10,10,x,17.24195021,377.84796240,0.54863383,0.99897388
3,1,3,0.4000,10000,3072,3072.d,128,0.1427,7200.0000,60,4,4,5,5,0.1,10,10,x,17.24195021,377.69455214,0.54303279,0.99897388
3,1,3,0.4000,10000,3072,3072.d,128,0.1427,7200.0000,60,4,4,5,5,0.1,10,10,x,17.24195021,377.51185512,0.00000000,0.99999847
3,1,3,0.4000,10000,3072,3072.d,128,0.1427,7200.0000,60,4,4,5,5,0.1,10,10,x,17.24195021,377.50181329,0.00000000,0.99999847
3,1,3,0.4000,10000,3072,3072.d,128,0.1427,7200.0000,60,4,4,5,5,0.1,10,10,x,17.24195021,377.73473316,0.65034006,0.99897388
3,1,3,0.4000,10000,3072,3072.d,128,0.1427,7200.0000,60,4,4,5,5,0.1,10,10,x,17.24195021,377.56453454,0.00000000,0.99999847
3,1,3,0.4000,10000,3072,3072.d,128,0.1427,7200.0000,60,4,4,5,5,0.1,10,10,x,17.24195021,377.51081385,0.00000000,0.99999847
3,1,3,0.4000,10000,3072,3072.d,128,0.2844,7200.0000,60,4,4,5,5,0.1,10,10,x,8.26151961,308.20186390,0.51476048,0.99912549
3,1,3,0.4000,10000,3072,3072.d,128,0.2844,7200.0000,60,4,4,5,5,0.1,10,10,x,8.26151961,308.33802690,0.91277264,0.99825098
3,1,3,0.4000,10000,3072,3072.d,128,0.2844,7200.0000,60,4,4,5,5,0.1,10,10,x,8.26151961,308.09802870,0.69742020,0.99868824
3,1,3,0.4000,10000,3072,3072.d,128,0.2844,7200.0000,60,4,4,5,5,0.1,10,10,x,8.26151961,308.15017108,0.27262825,0.99956275
3,1,3,0.4000,10000,3072,3072.d,128,0.2844,7200.0000,60,4,4,5,5,0.1,10,10,x,8.26151961,308.08037960,0.49759510,0.99912549
3,1,3,0.4000,10000,3072,3072.d,128,0.2844,7200.0000,60,4,4,5,5,0.1,10,10,x,8.26151961,308.03356190,0.59215088,0.99868824
3,1,3,0.4000,10000,3072,3072.d,128,0.2844,7200.0000,60,4,4,5,5,0.1,10,10,x,8.26151961,307.93571403,0.21163096,0.99956275
3,1,3,0.4000,10000,3072,3072.d,128,0.2844,7200.0000,60,4,4,5,5,0.1,10,10,x,8.26151961,308.22728018,0.46516823,0.99912549
3,1,3,0.4000,10000,3072,3072.d,128,0.2844,7200.0000,60,4,4,5,5,0.1,10,10,x,8.26151961,308.28022520,0.46206914,0.99912549
3,1,3,0.4000,10000,3072,3072.d,128,0.2844,7200.0000,60,4,4,5,5,0.1,10,10,x,8.26151961,308.06957064,0.48100396,0.99869453
4,1,3,0.4000,10000,3072,3072.d,128,0.0088,7200.0000,60,4,4,5,5,0.1,10,10,x,2.76006025,475.57563314,0.00000000,0.99343602
4,1,3,0.4000,10000,3072,3072.d,128,0.0088,7200.0000,60,4,4,5,5,0.1,10,10,x,2.76006025,475.63414739,0.00000000,0.99340099
4,1,3,0.4000,10000,3072,3072.d,128,0.0088,7200.0000,60,4,4,5,5,0.1,10,10,x,2.76006025,475.65396353,0.00000000,0.99340099
4,1,3,0.4000,10000,3072,3072.d,128,0.0088,7200.0000,60,4,4,5,5,0.1,10,10,x,2.76006025,475.46487528,0.00000000,0.99340099
4,1,3,0.4000,10000,3072,3072.d,128,0.0088,7200.0000,60,4,4,5,5,0.1,10,10,x,2.76006025,475.48402582,0.00000000,0.99340099
4,1,3,0.4000,10000,3072,3072.d,128,0.0088,7200.0000,60,4,4,5,5,0.1,10,10,x,2.76006025,475.45548685,0.00000000,0.99343602
4,1,3,0.4000,10000,3072,3072.d,128,0.0088,7200.0000,60,4,4,5,5,0.1,10,10,x,2.76006025,475.50309462,0.00000000,0.99340099
4,1,3,0.4000,10000,3072,3072.d,128,0.0088,7200.0000,60,4,4,5,5,0.1,10,10,x,2.76006025,475.79239625,0.00000000,0.99340099
4,1,3,0.4000,10000,3072,3072.d,128,0.0088,7200.0000,60,4,4,5,5,0.1,10,10,x,2.76006025,475.43975771,0.00000000,0.99340099
4,1,3,0.4000,10000,3072,3072.d,128,0.0088,7200.0000,60,4,4,5,5,0.1,10,10,x,2.76006025,475.72155093,0.00000000,0.99343602
4,1,3,0.4000,10000,3072,3072.d,128,0.0177,7200.0000,60,4,4,5,5,0.1,10,10,x,2.66595212,377.63218907,0.00000000,0.99807655
4,1,3,0.4000,10000,3072,3072.d,128,0.0177,7200.0000,60,4,4,5,5,0.1,10,10,x,2.66595212,377.63063637,0.00000000,0.99807655
4,1,3,0.4000,10000,3072,3072.d,128,0.0177,7200.0000,60,4,4,5,5,0.1,10,10,x,2.66595212,377.82435138,0.00000000,0.99807655
4,1,3,0.4000,10000,3072,3072.d,128,0.0177,7200.0000,60,4,4,5,5,0.1,10,10,x,2.66595212,377.93024892,0.00000000,0.99807655
4,1,3,0.4000,10000,3072,3072.d,128,0.0177,7200.0000,60,4,4,5,5,0.1,10,10,x,2.66595212,377.81212382,0.00000000,0.99807655
4,1,3,0.4000,10000,3072,3072.d,128,0.0177,7200.0000,60,4,4,5,5,0.1,10,10,x,2.66595212,377.76542320,0.00000000,0.99807655
4,1,3,0.4000,10000,3072,3072.d,128,0.0177,7200.0000,60,4,4,5,5,0.1,10,10,x,2.66595212,377.61433295,0.00000000,0.99807655
4,1,3,0.4000,10000,3072,3072.d,128,0.0177,7200.0000,60,4,4,5,5,0.1,10,10,x,2.66595212,377.65828648,0.00000000,0.99807655
4,1,3,0.4000,10000,3072,3072.d,128,0.0177,7200.0000,60,4,4,5,5,0.1,10,10,x,2.66595212,377.55252331,0.00000000,0.99807655
4,1,3,0.4000,10000,3072,3072.d,128,0.0177,7200.0000,60,4,4,5,5,0.1,10,10,x,2.66595212,377.93024892,0.00000000,0.99807655
4,1,3,0.4000,10000,3072,3072.d,128,0.0355,7200.0000,60,4,4,5,5,0.1,10,10,x,2.24761043,385.01480423,2.37500000,0.99514617
4,1,3,0.4000,10000,3072,3072.d,128,0.0355,7200.0000,60,4,4,5,5,0.1,10,10,x,2.24761043,384.91261097,3.02903259,0.99111391
4,1,3,0.4000,10000,3072,3072.d,128,0.0355,7200.0000,60,4,4,5,5,0.1,10,10,x,2.24761043,384.36536503,0.00000000,0.99917842
4,1,3,0.4000,10000,3072,3072.d,128,0.0355,7200.0000,60,4,4,5,5,0.1,10,10,x,2.24761043,384.33260402,0.00000000,0.99917842
4,1,3,0.4000,10000,3072,3072.d,128,0.0355,7200.0000,60,4,4,5,5,0.1,10,10,x,2.24761043,384.57157916,0.00000000,0.99917842
4,1,3,0.4000,10000,3072,3072.d,128,0.0355,7200.0000,60,4,4,5,5,0.1,10,10,x,2.24761043,385.31733143,1.76365968,0.99514617
4,1,3,0.4000,10000,3072,3072.d,128,0.0355,7200.0000,60,4,4,5,5,0.1,10,10,x,2.24761043,384.41964864,0.00000000,0.99917842
4,1,3,0.4000,10000,3072,3072.d,128,0.0355,7200.0000,60,4,4,5,5,0.1,10,10,x,2.24761043,384.48347430,0.00000000,0.99917842
4,1,3,0.4000,10000,3072,3072.d,128,0.0355,7200.0000,60,4,4,5,5,0.1,10,10,x,2.24761043,384.37119628,0.00000000,0.99917842
4,1,3,0.4000,10000,3072,3072.d,128,0.0355,7200.0000,60,4,4,5,5,0.1,10,10,x,2.24761043,384.37119628,0.00000000,0.99917842
4,1,3,0.4000,10000,3072,3072.d,128,0.0711,7200.0000,60,4,4,5,5,0.1,10,10,x,1.69031937,310.55080957,0.00000000,0.99977093
4,1,3,0.4000,10000,3072,3072.d,128,0.0711,7200.0000,60,4,4,5,5,0.1,10,10,x,1.69031937,311.01579661,1.77779973,0.99616821
4,1,3,0.4000,10000,3072,3072.d,128,0.0711,7200.0000,60,4,4,5,5,0.1,10,10,x,1.69031937,310.61658798,0.00000000,0.99977832
4,1,3,0.4000,10000,3072,3072.d,128,0.0711,7200.0000,60,4,4,5,5,0.1,10,10,x,1.69031937,311.17404914,1.41255270,0.99616821
4,1,3,0.4000,10000,3072,3072.d,128,0.0711,7200.0000,60,4,4,5,5,0.1,10,10,x,1.69031937,310.61433945,0.00000000,0.99977832
4,1,3,0.4000,10000,3072,3072.d,128,0.0711,7200.0000,60,4,4,5,5,0.1,10,10,x,1.69031937,311.11533938,0.81088937,0.99797326
4,1,3,0.4000,10000,3072,3072.d,128,0.0711,7200.0000,60,4,4,5,5,0.1,10,10,x,1.69031937,310.51555610,0.00000000,0.99977832
4,1,3,0.4000,10000,3072,3072.d,128,0.0711,7200.0000,60,4,4,5,5,0.1,10,10,x,1.69031937,310.63668575,0.00000000,0.99977832
4,1,3,0.4000,10000,3072,3072.d,128,0.0711,7200.0000,60,4,4,5,5,0.1,10,10,x,1.69031937,310.85478905,0.84296029,0.99797326
4,1,3,0.4000,10000,3072,3072.d,128,0.0711,7200.0000,60,4,4,5,5,0.1,10,10,x,1.69031937,311.12036851,0.95012655,0.99797326
4,1,3,0.4000,10000,3072,3072.d,128,0.1427,7200.0000,60,4,4,5,5,0.1,10,10,x,1.45356961,296.19417145,1.57019839,0.99722821
4,1,3,0.4000,10000,3072,3072.d,128,0.1427,7200.0000,60,4,4,5,5,0.1,10,10,x,1.45356961,295.75145046,0.44352788,0.99905804
4,1,3,0.4000,10000,3072,3072.d,128,0.1427,7200.0000,60,4,4,5,5,0.1,10,10,x,1.45356961,295.51065724,0.43732845,0.99905804
4,1,3,0.4000,10000,3072,3072.d,128,0.1427,7200.0000,60,4,4,5,5,0.1,10,10,x,1.45356961,295.29645891,0.00000000,0.99996135
4,1,3,0.4000,10000,3072,3072.d,128,0.1427,7200.0000,60,4,4,5,5,0.1,10,10,x,1.45356961,295.77596334,1.38067935,0.99722821
4,1,3,0.4000,10000,3072,3072.d,128,0.1427,7200.0000,60,4,4,5,5,0.1,10,10,x,1.45356961,295.83036646,1.01463861,0.99813152
4,1,3,0.4000,10000,3072,3072.d,128,0.1427,7200.0000,60,4,4,5,5,0.1,10,10,x,1.45356961,295.26004775,0.00000000,0.99997295
4,1,3,0.4000,10000,3072,3072.d,128,0.1427,7200.0000,60,4,4,5,5,0.1,10,10,x,1.45356961,295.62297319,1.28714479,0.99721661
4,1,3,0.4000,10000,3072,3072.d,128,0.1427,7200.0000,60,4,4,5,5,0.1,10,10,x,1.45356961,295.55017674,0.90633977,0.99813152
4,1,3,0.4000,10000,3072,3072.d,128,0.1427,7200.0000,60,4,4,5,5,0.1,10,10,x,1.45356961,295.25946972,0.00000000,0.99997295
4,1,3,0.4000,10000,3072,3072.d,128,0.2844,7200.0000,60,4,4,5,5,0.1,10,10,x,1.65618417,268.93371823,0.23996471,0.99954918
4,1,3,0.4000,10000,3072,3072.d,128,0.2844,7200.0000,60,4,4,5,5,0.1,10,10,x,1.65618417,268.88171903,0.25893963,0.99954918
4,1,3,0.4000,10000,3072,3072.d,128,0.2844,7200.0000,60,4,4,5,5,0.1,10,10,x,1.65618417,268.94318154,0.21746802,0.99954918
4,1,3,0.4000,10000,3072,3072.d,128,0.2844,7200.0000,60,4,4,5,5,0.1,10,10,x,1.65618417,269.06952776,0.48471048,0.99910807
4,1,3,0.4000,10000,3072,3072.d,128,0.2844,7200.0000,60,4,4,5,5,0.1,10,10,x,1.65618417,269.00744264,0.42258491,0.99910807
4,1,3,0.4000,10000,3072,3072.d,128,0.2844,7200.0000,60,4,4,5,5,0.1,10,10,x,1.65618417,269.81622592,1.63164343,0.99690251
1,1,3,0.4000,10000,3072,3072.d,128,0.0088,7200.0000,60,4,4,5,5,0.1,10,10,x,1.50085711,412.30852347,0.00000000,0.99475806
1,1,3,0.4000,10000,3072,3072.d,128,0.0088,7200.0000,60,4,4,5,5,0.1,10,10,x,1.44126302,410.65675544,0.00000000,0.99436917
1,1,3,0.4000,10000,3072,3072.d,128,0.0088,7200.0000,60,4,4,5,5,0.1,10,10,x,1.38791492,407.88935918,0.00000000,0.99437692
1,1,3,0.4000,10000,3072,3072.d,128,0.0088,7200.0000,60,4,4,5,5,0.1,10,10,x,1.38791492,407.88935918,0.00000000,0.99437692
1,1,3,0.4000,10000,3072,3072.d,128,0.0088,7200.0000,60,4,4,5,5,0.1,10,10,x,1.35606773,407.53342748,0.00000000,0.99402530
1,1,3,0.4000,10000,3072,3072.d,128,0.0088,7200.0000,60,4,4,5,5,0.1,10,10,x,1.34979562,408.52288294,9.07692308,0.97864068
1,1,3,0.4000,10000,3072,3072.d,128,0.0088,7200.0000,60,4,4,5,5,0.1,10,10,x,1.33655604,406.32846368,0.00000000,0.99393091
1,1,3,0.4000,10000,3072,3072.d,128,0.0088,7200.0000,60,4,4,5,5,0.1,10,10,x,1.33655604,406.32846368,0.00000000,0.99393091
1,1,3,0.4000,10000,3072,3072.d,128,0.0088,7200.0000,60,4,4,5,5,0.1,10,10,x,1.33655604,406.32846368,0.00000000,0.99393091
1,1,3,0.4000,10000,3072,3072.d,128,0.0088,7200.0000,60,4,4,5,5,0.1,10,10,x,1.33655604,408.67748096,11.07692308,0.97854629
1,1,3,0.4000,10000,3072,3072.d,128,0.0177,7200.0000,60,4,4,5,5,0.1,10,10,x,1.34156848,333.48775282,4.46846847,0.98880515
1,1,3,0.4000,10000,3072,3072.d,128,0.0177,7200.0000,60,4,4,5,5,0.1,10,10,x,1.24723852,323.48654645,0.00000000,0.99737526
1,1,3,0.4000,10000,3072,3072.d,128,0.0177,7200.0000,60,4,4,5,5,0.1,10,10,x,1.19664862,321.08779743,0.00000000,0.99730954
1,1,3,0.4000,10000,3072,3072.d,128,0.0177,7200.0000,60,4,4,5,5,0.1,10,10,x,1.19516174,320.32288493,0.00000000,0.99723023
1,1,3,0.4000,10000,3072,3072.d,128,0.0177,7200.0000,60,4,4,5,5,0.1,10,10,x,1.19064599,320.03021826,0.00000000,0.99706036
1,1,3,0.4000,10000,3072,3072.d,128,0.0177,7200.0000,60,4,4,5,5,0.1,10,10,x,1.18183958,319.19998549,0.00000000,0.99713267
1,1,3,0.4000,10000,3072,3072.d,128,0.0177,7200.0000,60,4,4,5,5,0.1,10,10,x,1.18972799,319.27227388,0.00000000,0.99709457
1,1,3,0.4000,10000,3072,3072.d,128,0.0177,7200.0000,60,4,4,5,5,0.1,10,10,x,1.17726140,318.85015984,0.00000000,0.99701627
1,1,3,0.4000,10000,3072,3072.d,128,0.0177,7200.0000,60,4,4,5,5,0.1,10,10,x,1.17771718,318.74602168,0.00000000,0.99701627
1,1,3,0.4000,10000,3072,3072.d,128,0.0177,7200.0000,60,4,4,5,5,0.1,10,10,x,1.17287956,318.68332046,0.00000000,0.99711111
1,1,3,0.4000,10000,3072,3072.d,128,0.0355,7200.0000,60,4,4,5,5,0.1,10,10,x,1.12502796,354.85354518,0.00000000,0.99923635
1,1,3,0.4000,10000,3072,3072.d,128,0.0355,7200.0000,60,4,4,5,5,0.1,10,10,x,1.11049091,355.09400664,0.00000000,0.99917259
1,1,3,0.4000,10000,3072,3072.d,128,0.0355,7200.0000,60,4,4,5,5,0.1,10,10,x,1.08955104,355.23308836,0.00000000,0.99908527
